0,350
0,431
0,430
41,9
0,349
0,348
46,4
48,5
0,343
0,342
0,429
0,428
15,42
0,427
112,4
0,340
0,339
0,426
0,338
0,337
0,336
0,335
0,334
0,470
0,332
0,331
0,330
0,329
0,469
0,327
0,326
134,1
0,325
0,324
76,4
70,4
68,3
0,323
0,318
0,317
153,5
153,1
153,3
116,5
0,316
0,312
0,311
0,309
0,306
0,466
61,9
61,7
61,4
151,4
91,3
152,5
152,1
152,3
117,5
0,394
151,5
151,3
151,1
59,3
110,3
136,3
0,393
0,392
54,8
54,7
0,460
0,391
150,4
0,468
0,440
0,439
0,389
0,464
0,387
53,10
53,1
0,1
0,467
88,3
150,5
150,1
0,388
150,3
0,383
0,382
148,3
113,4
15,7
0,436
17,3
54,1
54,4
17,9
61,1
0,379
15,45
15,50
15,17
16,7
15,15
15,39
15,12
15,73
15,53
15,71
15,65
15,76
15,23
15,36
0,378
20,3
41,4
117,6
58,5
41,6
0,375
0,459
53,7
53,4
0,362
0,435
16,4
15,20
15,68
15,28
15,9
15,34
15,26
15,4
18,4
17,6
0,399
0,275
0,398
0,274
0,465
0,273
0,272
0,271
0,270
0,269
0,268
0,267
0,266
0,265
0,264
0,263
0,262
0,261
0,260
0,259
0,258
0,257
0,256
0,255
0,254
0,253
0,252
0,251
0,250
0,249
0,248
0,247
0,246
0,245
0,244
0,242
0,241
0,240
0,239
0,238
0,237
0,236
0,235
0,234
0,233
0,232
0,231
0,230
0,229
0,228
0,227
0,226
0,225
0,224
0,223
0,222
0,221
0,220
0,219
0,218
0,217
0,216
0,215
0,214
0,213
0,212
0,211
0,210
0,209
0,208
0,207
0,206
0,205
0,204
0,203
0,202
0,201
0,200
0,199
0,198
0,197
0,196
0,195
0,194
0,193
0,192
0,63
0,62
0,61
0,60
0,59
0,58
0,57
0,56
0,55
0,54
0,53
0,52
0,51
0,50
0,49
0,48
0,47
0,46
0,45
0,6
0,446
0,11
57,7
57,0
57,3
57,6
14,2
14,1
14,0
11,3
11,2
11,1
11,0
10,7
10,6
10,5
10,2
9,4
9,3
9,2
9,1
9,0
8,3
8,2
8,1
8,0
4,2
3,6
3,5
3,4
3,3
3,2
3,1
3,0
2,32
2,31
2,30
2,29
2,28
2,27
2,26
2,25
2,24
2,23
2,22
2,21
2,20
2,19
2,18
2,17
2,15
2,14
2,13
2,16
2,12
4,1
2,11
4,3
4,0
2,10
2,9
2,8
2,7
2,6
2,5
2,4
2,3
2,2
2,1
2,0
1,3
1,2
1,1
1,0
0,461
0,457
0,455
0,454
0,453
0,452
0,451
0,448
0,445
0,443
0,441
0,438
0,433
0,420
0,419
0,417
0,412
0,406
0,397
0,396
0,386
0,385
0,377
0,376
0,374
0,358
0,352
0,345
0,333
10,8
0,328
0,322
10,4
10,9
10,1
0,319
0,301
10,3
0,243
10,0
0,9
0,310
0,305
0,449
0,447
0,308
0,304
0,303
0,302
0,307
0,450
0,12
0,395
0,10
0,8
0,0
0,425
0,300
0,424
0,299
0,423
0,298
0,422
0,297
0,421
0,296
0,463
0,295
0,418
0,294
0,462
0,293
0,416
0,292
0,415
0,291
0,414
0,290
0,413
0,289
0,411
0,288
0,410
0,287
0,409
0,286
0,408
0,285
0,407
0,284
0,283
0,405
0,282
0,404
0,281
0,403
0,280
0,402
0,279
0,401
0,278
0,442
0,277
0,400
0,276
14,3
15,0
15,2
15,3
15,5
15,6
15,8
15,10
15,11
15,13
15,14
15,16
15,18
15,19
15,21
15,22
15,24
15,25
15,27
15,29
15,30
15,32
15,33
15,35
15,37
15,38
15,40
15,41
15,43
15,44
15,46
15,48
15,49
15,51
15,52
15,54
15,56
15,64
15,66
15,67
15,69
15,70
15,72
15,74
15,75
16,0
16,1
16,3
16,5
16,6
16,8
17,0
17,2
17,4
17,5
17,7
17,8
18,0
18,1
18,3
18,5
19,0
19,2
19,3
19,5
19,7
19,8
20,1
20,2
20,4
20,5
21,1
21,3
21,4
21,6
22,0
22,2
22,4
22,5
22,7
22,8
23,1
23,2
23,4
23,6
24,0
24,2
24,3
24,5
25,1
25,2
25,4
25,5
26,1
26,3
26,4
27,0
27,1
27,3
27,4
28,0
28,2
28,3
28,5
29,0
29,2
29,4
29,5
31,0
31,1
31,3
31,4
32,0
32,2
32,3
32,5
33,0
33,2
33,4
33,5
34,1
34,2
34,4
34,5
34,7
35,0
35,1
35,3
35,4
36,0
36,2
36,3
36,5
37,0
37,2
37,3
37,5
38,0
38,1
38,3
38,4
38,6
39,1
39,2
39,4
39,5
40,0
40,2
40,3
40,5
41,0
41,2
41,3
41,5
41,7
41,8
41,10
42,0
42,2
42,4
42,5
43,1
43,2
43,4
43,5
44,1
44,3
44,4
45,0
45,1
45,3
45,5
46,0
46,2
46,3
46,5
47,0
47,2
47,4
47,5
48,1
48,2
48,4
48,6
49,0
49,2
49,3
49,5
50,1
50,2
50,4
50,5
51,1
51,2
51,4
52,0
52,1
52,3
52,4
53,0
53,2
53,3
53,5
53,6
53,8
53,9
54,0
54,2
54,3
54,5
54,6
55,1
55,3
55,4
55,6
56,0
56,2
56,3
56,5
57,1
57,2
57,4
57,5
58,1
58,3
58,4
58,6
58,7
59,1
59,2
59,4
60,0
60,1
60,3
60,4
61,0
61,2
61,3
61,5
61,6
61,8
62,0
62,1
62,3
62,4
62,6
63,0
63,2
63,4
63,5
64,1
64,2
64,4
64,6
65,0
65,2
65,3
65,5
65,6
66,1
66,3
66,4
66,6
67,0
67,2
67,4
67,5
68,1
68,2
68,4
68,5
69,1
69,3
69,4
70,0
70,1
70,3
70,5
70,6
71,1
71,2
71,4
71,6
72,0
72,2
72,3
72,5
73,0
73,2
73,4
73,5
74,1
74,2
74,4
75,0
75,1
75,3
75,4
76,0
76,1
76,3
76,5
76,6
77,1
77,2
77,4
78,0
78,1
78,3
78,4
79,0
79,1
79,3
79,5
80,0
80,2
80,3
80,5
81,1
81,2
81,4
81,5
82,1
82,3
82,4
82,6
83,0
83,2
83,3
83,5
84,1
84,2
84,4
84,5
85,1
85,3
85,4
86,0
86,1
86,3
86,4
87,0
87,2
87,3
87,5
88,0
88,2
88,4
88,5
89,1
89,2
89,4
89,5
90,0
90,2
90,3
90,5
91,0
91,2
91,4
91,5
91,7
91,8
92,1
92,2
92,4
93,0
93,1
93,3
93,4
94,0
94,2
94,3
94,5
95,0
95,2
95,4
95,5
96,1
96,2
96,4
96,5
97,0
97,2
97,3
97,5
98,0
98,2
98,4
98,5
98,7
99,0
99,2
99,3
99,5
100,1
100,2
100,4
100,5
101,1
101,3
101,4
101,6
102,0
102,2
102,3
102,5
103,1
103,2
103,4
103,5
103,7
104,0
104,1
104,3
104,4
105,0
105,2
105,3
105,5
105,6
106,1
106,2
106,4
106,6
106,7
107,0
107,1
107,3
107,5
108,0
108,2
108,3
108,5
109,0
109,2
109,4
109,5
110,1
110,2
110,4
110,6
111,0
111,2
111,3
111,5
112,0
112,2
112,5
113,0
113,1
113,3
113,5
113,6
114,1
114,2
114,4
114,5
116,0
116,2
116,3
117,0
117,2
117,4
118,0
118,1
118,3
118,5
119,0
119,2
119,3
119,5
120,0
120,2
120,4
120,5
121,1
121,2
121,4
122,0
122,1
122,3
122,4
122,6
123,0
123,2
123,4
123,5
124,1
124,2
124,4
125,0
125,1
125,3
125,4
126,0
126,1
126,3
126,5
127,0
127,2
127,3
127,5
128,1
128,2
128,4
128,5
129,1
129,3
129,4
130,0
130,1
130,3
130,4
131,0
131,2
131,3
131,5
132,0
132,2
132,4
132,5
132,7
133,0
133,2
133,3
133,5
134,0
134,3
134,4
134,6
135,1
135,2
135,4
135,5
136,1
136,2
136,4
136,6
137,0
137,2
137,3
137,5
138,1
138,2
138,4
138,5
138,7
138,8
139,1
139,3
139,4
139,6
140,0
140,2
140,4
140,5
141,1
141,2
141,4
142,0
142,1
142,3
142,4
142,6
143,0
143,2
143,4
143,5
144,1
144,2
144,4
145,0
145,1
145,3
145,4
146,0
146,1
146,3
146,5
147,0
147,2
147,3
147,5
148,1
148,2
148,4
148,5
149,1
149,2
149,4
150,0
151,0
151,2
152,0
152,2
152,4
153,2
153,4
153,0
150,2
149,5
149,3
149,0
148,0
147,4
147,1
146,4
146,2
145,5
145,2
144,5
144,3
144,0
143,3
143,1
142,5
142,2
141,5
141,3
141,0
140,3
140,1
139,5
139,2
139,0
138,6
138,3
138,0
137,4
137,1
136,5
136,0
135,3
135,0
134,5
134,2
133,6
133,4
133,1
132,6
132,3
132,1
131,4
131,1
130,5
130,2
129,5
129,2
129,0
128,3
128,0
127,4
127,1
126,4
126,2
125,5
125,2
124,5
124,3
124,0
123,3
123,1
122,5
122,2
121,5
121,3
121,0
120,3
120,1
119,4
119,1
118,4
118,2
117,3
117,1
116,4
116,1
114,6
114,3
114,0
113,2
112,6
112,3
112,1
111,4
111,1
110,5
110,0
109,3
109,1
108,4
108,1
107,4
107,2
106,8
106,5
106,3
106,0
105,4
105,1
104,5
104,2
103,8
103,6
103,3
103,0
102,4
102,1
101,5
101,2
101,0
100,3
100,0
99,4
99,1
98,6
98,3
98,1
97,4
97,1
96,6
96,3
96,0
95,3
95,1
94,4
94,1
93,5
93,2
92,5
92,3
92,0
91,6
91,1
90,4
90,1
89,6
89,3
89,0
88,1
87,4
87,1
86,5
86,2
85,5
85,2
85,0
84,3
84,0
83,4
83,1
82,5
82,2
82,0
81,3
81,0
80,4
80,1
79,4
79,2
78,5
78,2
77,5
77,3
77,0
76,2
75,5
75,2
74,5
74,3
74,0
73,3
73,1
72,4
72,1
71,5
71,3
71,0
70,2
69,5
69,2
69,0
68,0
67,3
67,1
66,5
66,2
66,0
65,4
65,1
64,5
64,3
64,0
63,3
63,1
62,5
62,2
60,5
60,2
59,5
59,0
58,2
58,0
56,4
56,1
55,5
55,2
55,0
52,5
52,2
51,5
51,3
51,0
50,3
50,0
49,4
49,1
48,3
48,0
47,3
47,1
46,1
45,4
45,2
44,5
44,2
44,0
43,3
43,0
42,3
42,1
41,1
40,4
40,1
39,6
39,3
39,0
38,5
38,2
37,6
37,4
37,1
36,4
36,1
35,5
35,2
34,8
34,6
34,3
34,0
33,3
33,1
32,4
32,1
31,5
31,2
29,6
29,3
29,1
28,4
28,1
27,5
27,2
26,5
26,2
26,0
25,3
25,0
24,4
24,1
23,5
23,3
23,0
22,6
22,3
22,1
21,5
21,2
21,0
20,0
19,6
19,4
19,1
18,2
17,1
16,2
15,55
15,47
15,31
15,1
0,390
0,458
0,384
0,381
0,380
0,437
0,361
0,372
0,371
0,373
0,370
0,369
0,368
0,367
0,366
0,365
0,444
0,364
0,363
0,360
0,359
0,347
0,434
0,346
0,432
0,357
0,356
0,355
0,354
0,353
0,456
0,351
0,344
0,341
0,321
0,320
0,315
0,314
0,313
0,5
0,4
0,2
0,3
0,7
